29 0.328948 0.788130 0.023688 0.101759
28 0.278125 0.786375 0.022698 0.101750
2 0.229276 0.789884 0.025656 0.098250
15 0.178948 0.789009 0.023688 0.100000
37 0.727635 0.789000 0.023688 0.107000
11 0.677302 0.790759 0.021708 0.100000
49 0.627961 0.789005 0.021714 0.103509
20 0.577630 0.789884 0.021708 0.105269
31 0.527302 0.789009 0.025656 0.100000
38 0.775987 0.786375 0.023682 0.098250
5 0.477961 0.790759 0.023682 0.107019
4 0.428125 0.790759 0.020719 0.107019
17 0.377302 0.787250 0.019740 0.100000
