7 0.378156 0.791241 0.023708 0.108778
44 0.327346 0.792125 0.022693 0.107009
31 0.278992 0.788620 0.024672 0.100000
33 0.426523 0.788620 0.021714 0.100000
0 0.776359 0.793000 0.022698 0.105259
51 0.726523 0.790370 0.025661 0.100000
25 0.677182 0.788620 0.023688 0.100000
37 0.626852 0.788620 0.023682 0.100000
11 0.577016 0.789495 0.022698 0.101750
36 0.527677 0.788616 0.022698 0.096491
22 0.477841 0.788620 0.023682 0.100000
4 0.228661 0.792125 0.022698 0.110528
3 0.178826 0.790370 0.023682 0.110519
