46 0.775867 0.791250 0.023682 0.112278
42 0.727018 0.790370 0.024672 0.103500
41 0.676687 0.788620 0.026646 0.100000
40 0.626852 0.790370 0.023682 0.100000
36 0.577510 0.787741 0.025656 0.101759
35 0.526690 0.788620 0.020724 0.100000
30 0.476852 0.789495 0.023682 0.108769
28 0.427510 0.787741 0.025656 0.105259
0 0.378664 0.790370 0.024672 0.107019
10 0.328333 0.787741 0.026646 0.105259
2 0.278484 0.790375 0.025635 0.107028
24 0.228169 0.789495 0.023682 0.101750
22 0.178826 0.791245 0.019734 0.101750
