21 0.327346 0.789495 0.022693 0.098250
51 0.776359 0.789491 0.024667 0.105259
38 0.726031 0.786861 0.022698 0.100000
12 0.676687 0.789495 0.022698 0.101750
50 0.627346 0.791245 0.022693 0.101750
36 0.577016 0.789495 0.022698 0.101750
10 0.527182 0.791250 0.025656 0.105259
23 0.478333 0.791250 0.022698 0.105259
22 0.428005 0.792125 0.026646 0.107009
8 0.378169 0.791245 0.021714 0.108769
33 0.278497 0.790370 0.025661 0.103500
6 0.228661 0.792125 0.022698 0.110528
1 0.178828 0.793000 0.025656 0.105259
