11 0.777346 0.788616 0.024672 0.103509
48 0.727018 0.791250 0.024672 0.105259
9 0.676690 0.789491 0.024672 0.105259
47 0.629320 0.791245 0.026641 0.101750
46 0.576523 0.792125 0.021714 0.107009
32 0.527182 0.791250 0.021708 0.105259
6 0.478828 0.790370 0.025656 0.107019
44 0.428003 0.790370 0.020724 0.100000
18 0.378169 0.789491 0.021714 0.105259
30 0.327839 0.786861 0.025656 0.100000
29 0.277510 0.790370 0.021708 0.100000
16 0.228664 0.791250 0.020724 0.105259
15 0.178333 0.787741 0.020719 0.101759
