39 0.776359 0.787741 0.022698 0.105259
12 0.727016 0.788616 0.022698 0.103509
50 0.678664 0.789495 0.024672 0.101750
24 0.626852 0.787741 0.023682 0.101759
49 0.577510 0.790370 0.021708 0.103500
10 0.528169 0.790370 0.023682 0.107019
9 0.477839 0.793005 0.021708 0.108769
34 0.427510 0.787741 0.019740 0.101759
8 0.377677 0.792125 0.022698 0.110528
33 0.328333 0.790370 0.026646 0.107019
29 0.278997 0.788255 0.024661 0.099972
27 0.228661 0.793528 0.022698 0.107019
1 0.178333 0.789144 0.024667 0.101750
