13 0.775568 0.790907 0.019885 0.104370
36 0.726326 0.787542 0.023672 0.101009
10 0.676135 0.789227 0.023677 0.101009
35 0.626893 0.789227 0.023672 0.101009
21 0.576703 0.789222 0.021781 0.107741
46 0.526990 0.792593 0.022729 0.107741
33 0.476797 0.788384 0.020833 0.099324
7 0.426609 0.790907 0.026510 0.104370
20 0.378315 0.788384 0.026516 0.102694
31 0.328599 0.788718 0.021781 0.102694
5 0.279357 0.790403 0.023672 0.109435
16 0.228693 0.791245 0.022729 0.107750
1 0.179451 0.791264 0.022724 0.107713
