51 0.776359 0.791245 0.024667 0.108769
12 0.726031 0.792125 0.026646 0.107009
25 0.676195 0.787741 0.019734 0.105259
10 0.626359 0.789491 0.024667 0.105259
8 0.578003 0.791250 0.028620 0.105259
7 0.527674 0.791245 0.024672 0.108769
45 0.477346 0.793000 0.022693 0.105259
44 0.427510 0.792125 0.023687 0.107009
29 0.378169 0.789495 0.023682 0.101750
3 0.329320 0.792125 0.026641 0.107009
16 0.277510 0.788620 0.019740 0.100000
15 0.228169 0.791245 0.023682 0.108769
1 0.178333 0.792125 0.022698 0.103509
