12 0.675701 0.788616 0.024672 0.103509
23 0.626359 0.787741 0.024667 0.101759
47 0.577018 0.790370 0.024672 0.103500
8 0.527674 0.791245 0.028620 0.108769
33 0.476852 0.790370 0.023682 0.103500
45 0.427510 0.790370 0.027635 0.100000
31 0.378169 0.789495 0.023682 0.101750
18 0.327346 0.791245 0.022693 0.108769
15 0.278003 0.789495 0.024672 0.101750
40 0.229648 0.793000 0.024672 0.105259
27 0.178826 0.791245 0.023682 0.101750
0 0.776359 0.791245 0.022698 0.108769
38 0.725536 0.787741 0.023688 0.098241
