39 0.775867 0.791245 0.021714 0.108769
26 0.726031 0.787741 0.022698 0.101759
38 0.676687 0.791245 0.022698 0.108769
12 0.627346 0.791245 0.024672 0.108769
36 0.577510 0.788620 0.025656 0.100000
48 0.526687 0.791245 0.022698 0.101750
35 0.476852 0.787741 0.023682 0.098241
33 0.427016 0.787741 0.022698 0.098241
45 0.378169 0.792125 0.023682 0.107009
6 0.327346 0.792125 0.022693 0.103509
18 0.278005 0.787741 0.022698 0.101759
30 0.228169 0.789491 0.023682 0.105259
27 0.178828 0.787741 0.025656 0.101759
