0 0.691096 0.788088 0.015786 0.077194
50 0.658273 0.787301 0.014849 0.073102
36 0.624862 0.784759 0.015422 0.070056
23 0.590599 0.785778 0.013135 0.068019
34 0.557461 0.785273 0.015443 0.067009
46 0.524352 0.787810 0.014276 0.072083
7 0.492086 0.786792 0.018276 0.072083
6 0.457820 0.786796 0.014849 0.070056
19 0.423841 0.786282 0.014276 0.067009
28 0.391000 0.785269 0.015990 0.069037
2 0.357880 0.786287 0.015990 0.071074
40 0.324469 0.786287 0.016562 0.071074
1 0.291346 0.786287 0.017703 0.071074
