26 0.776672 0.789083 0.022208 0.106722
25 0.726096 0.787620 0.023026 0.103796
37 0.676753 0.790546 0.023026 0.103796
23 0.627414 0.789815 0.023026 0.105259
33 0.576836 0.789815 0.025495 0.102333
20 0.527906 0.789083 0.021385 0.103796
32 0.478565 0.788356 0.024672 0.099417
31 0.429221 0.785431 0.024672 0.102343
5 0.380292 0.792009 0.027135 0.109648
30 0.328482 0.788352 0.023849 0.102333
42 0.279549 0.793472 0.024672 0.109648
27 0.228977 0.790546 0.023849 0.100870
1 0.179221 0.791278 0.021380 0.105259
