39 0.690919 0.788986 0.017151 0.079194
0 0.658031 0.786551 0.013021 0.071880
12 0.624005 0.786995 0.016562 0.073102
25 0.591055 0.786389 0.014276 0.070056
37 0.557930 0.788417 0.014276 0.070056
24 0.523951 0.785880 0.014849 0.069037
34 0.491401 0.786894 0.015990 0.071065
46 0.457419 0.786384 0.014276 0.072083
33 0.424013 0.786389 0.014849 0.070056
6 0.391745 0.787403 0.016562 0.074120
31 0.357763 0.785375 0.014849 0.065991
4 0.324357 0.787912 0.015422 0.073102
27 0.290945 0.785375 0.014849 0.065991
