13 0.691565 0.787403 0.015422 0.072083
11 0.658156 0.786389 0.017135 0.070056
35 0.624750 0.785880 0.016563 0.067000
22 0.591055 0.785880 0.015422 0.064981
47 0.557359 0.788926 0.016562 0.073093
21 0.524237 0.786894 0.016557 0.073102
33 0.491115 0.785880 0.016563 0.067000
32 0.458560 0.786898 0.017703 0.069037
30 0.424867 0.784861 0.015422 0.069037
42 0.391172 0.786389 0.016563 0.070056
3 0.357479 0.786894 0.014281 0.073102
16 0.324641 0.786690 0.015990 0.071065
40 0.291518 0.788213 0.017130 0.070056
