26 0.691852 0.785676 0.015995 0.069037
50 0.657872 0.787708 0.015422 0.071065
37 0.624747 0.786694 0.014276 0.069037
10 0.591909 0.787199 0.014849 0.070046
48 0.559359 0.788218 0.018271 0.072083
22 0.525094 0.787708 0.017135 0.071065
33 0.492258 0.785676 0.017703 0.069037
7 0.458276 0.786694 0.014844 0.069037
31 0.424583 0.785167 0.015990 0.068019
4 0.391172 0.787199 0.013135 0.070046
17 0.357763 0.785167 0.014849 0.068019
2 0.324927 0.786690 0.016562 0.071065
15 0.291518 0.785167 0.018276 0.070056
