42 0.657758 0.788009 0.016443 0.074315
26 0.625320 0.785477 0.018276 0.067009
37 0.591628 0.786995 0.014849 0.068028
32 0.558216 0.786491 0.015422 0.069037
27 0.525094 0.785981 0.016562 0.066000
49 0.692023 0.786185 0.019193 0.073093
0 0.491685 0.788009 0.015995 0.074111
10 0.457419 0.786486 0.014849 0.071065
9 0.425154 0.785981 0.017703 0.066000
8 0.391172 0.786995 0.015990 0.072083
13 0.358049 0.785981 0.014849 0.070056
24 0.324927 0.784963 0.017135 0.070056
16 0.290661 0.785472 0.012563 0.071074
