0 0.691565 0.788014 0.017130 0.072083
37 0.658443 0.786491 0.017135 0.069037
36 0.625604 0.785981 0.015417 0.068019
35 0.590768 0.784963 0.015422 0.070056
9 0.557932 0.788009 0.015990 0.074111
34 0.524245 0.785981 0.014844 0.070056
46 0.491112 0.785981 0.014849 0.070056
7 0.458846 0.785472 0.017703 0.071074
6 0.424581 0.786995 0.015422 0.070046
44 0.391172 0.787505 0.015990 0.073102
4 0.358333 0.784968 0.016562 0.070065
29 0.324927 0.786995 0.014844 0.070046
3 0.292661 0.787505 0.016562 0.073102
