13 0.691565 0.785472 0.017130 0.071074
51 0.658156 0.785472 0.015417 0.069037
12 0.624464 0.786995 0.015417 0.070046
24 0.591055 0.784968 0.015995 0.065991
48 0.558503 0.788009 0.017130 0.070056
47 0.524523 0.787505 0.015422 0.071065
33 0.491112 0.785477 0.014849 0.067009
44 0.458563 0.786995 0.015990 0.070046
2 0.425440 0.786995 0.018276 0.072083
15 0.391458 0.785477 0.015417 0.067009
27 0.358620 0.785981 0.015990 0.070056
1 0.324927 0.786995 0.014844 0.070046
14 0.291232 0.785477 0.014849 0.067009
