39 0.691497 0.786875 0.014849 0.072083
23 0.657518 0.785352 0.014276 0.069037
47 0.625250 0.787384 0.017135 0.071065
8 0.590701 0.785352 0.015422 0.069037
46 0.557578 0.785861 0.015417 0.068019
45 0.524453 0.787380 0.015417 0.069037
6 0.491331 0.787894 0.014276 0.072083
44 0.457635 0.785861 0.015417 0.070056
5 0.424513 0.785861 0.014276 0.068019
43 0.391677 0.788398 0.015990 0.075130
3 0.358268 0.787384 0.014276 0.071065
28 0.324859 0.785861 0.015990 0.068019
27 0.291448 0.785861 0.016563 0.068019
