49 0.691990 0.786023 0.016260 0.068398
42 0.658508 0.786486 0.016182 0.069380
40 0.625432 0.786065 0.018563 0.068537
26 0.591406 0.786065 0.015229 0.070222
37 0.558568 0.785639 0.015229 0.067685
36 0.525495 0.785222 0.016656 0.070222
35 0.490990 0.787333 0.015229 0.067685
27 0.458628 0.785639 0.017130 0.067685
12 0.425078 0.786486 0.016656 0.069380
7 0.391286 0.787759 0.014750 0.070222
4 0.357974 0.785644 0.013802 0.065991
1 0.324896 0.788606 0.015229 0.071917
20 0.291823 0.785644 0.015708 0.069380
