20 0.525018 0.785218 0.015703 0.068528
19 0.490516 0.786491 0.015229 0.067685
44 0.457914 0.786486 0.014755 0.069380
18 0.425313 0.787343 0.015229 0.069389
30 0.391172 0.785269 0.015990 0.069037
41 0.358021 0.788773 0.015708 0.075306
28 0.324802 0.786657 0.015708 0.069370
14 0.292203 0.786236 0.016177 0.066843
38 0.691346 0.785218 0.016182 0.068528
24 0.657557 0.785639 0.014281 0.067685
22 0.624964 0.785218 0.014760 0.068528
47 0.591633 0.786486 0.016630 0.071065
34 0.558091 0.784796 0.016182 0.066000
