32 0.524445 0.787083 0.016182 0.070222
6 0.491380 0.787500 0.015677 0.072759
44 0.457581 0.786657 0.014755 0.071074
18 0.424505 0.785815 0.015229 0.067685
30 0.391430 0.785389 0.015703 0.068537
4 0.358117 0.787926 0.015703 0.073611
39 0.691966 0.787926 0.016182 0.075296
23 0.657937 0.785815 0.014750 0.067685
22 0.624388 0.786657 0.014276 0.069370
34 0.590836 0.784968 0.015703 0.065991
7 0.557758 0.788352 0.014276 0.072759
17 0.324802 0.784542 0.015708 0.068528
14 0.291250 0.785810 0.015229 0.064306
