38 0.776453 0.787889 0.024667 0.103556
24 0.726768 0.790329 0.022620 0.101120
36 0.677083 0.787282 0.023302 0.099898
47 0.626714 0.793370 0.021240 0.109648
34 0.577716 0.789106 0.027411 0.101120
45 0.528029 0.790935 0.025359 0.104778
32 0.478344 0.789106 0.026042 0.101120
30 0.427289 0.788495 0.022620 0.107213
42 0.378977 0.792764 0.024672 0.113306
3 0.327578 0.791546 0.023302 0.106000
16 0.278234 0.789111 0.021927 0.103556
15 0.178521 0.789718 0.022615 0.102343
2 0.227865 0.790329 0.023990 0.105991
