51 0.691451 0.786792 0.017130 0.072083
12 0.658615 0.786792 0.016562 0.072083
11 0.624919 0.786287 0.015422 0.071074
49 0.591797 0.785778 0.017708 0.070056
23 0.558388 0.786287 0.015995 0.071074
47 0.524979 0.787301 0.017708 0.073102
21 0.490427 0.786287 0.015990 0.069037
45 0.457878 0.786792 0.017130 0.072083
30 0.425039 0.785778 0.016557 0.070056
17 0.391060 0.786287 0.014849 0.071074
29 0.357651 0.786282 0.016563 0.067009
16 0.323958 0.785269 0.013135 0.069037
41 0.291117 0.786792 0.017130 0.072083
