28 0.357651 0.785778 0.015417 0.068019
25 0.691453 0.785778 0.015990 0.068019
50 0.658042 0.786282 0.015417 0.071083
24 0.624349 0.787301 0.015417 0.069046
49 0.591510 0.786287 0.015990 0.071074
48 0.557818 0.788319 0.017135 0.073102
47 0.524409 0.786282 0.015422 0.073102
6 0.491570 0.787301 0.017130 0.071065
43 0.457305 0.786792 0.014849 0.074120
42 0.424753 0.786792 0.014849 0.072083
29 0.391057 0.786287 0.015990 0.071074
40 0.323672 0.786792 0.015990 0.068028
14 0.291117 0.786287 0.014849 0.071074
