42 0.357935 0.788319 0.017130 0.073102
15 0.323956 0.785778 0.015422 0.070056
40 0.291120 0.786796 0.015990 0.070056
12 0.624349 0.786287 0.015417 0.069037
11 0.591224 0.787301 0.016562 0.069046
0 0.691737 0.787301 0.016557 0.073102
10 0.557818 0.787810 0.017135 0.072083
9 0.524695 0.788315 0.018276 0.071074
34 0.491284 0.785273 0.015422 0.067009
38 0.657188 0.784764 0.015990 0.068028
46 0.457591 0.787301 0.015422 0.073102
43 0.424182 0.786792 0.015990 0.072083
17 0.390773 0.785778 0.015422 0.070056
