41 0.325099 0.786287 0.016563 0.071074
16 0.357365 0.786287 0.014844 0.071074
15 0.291404 0.785778 0.016557 0.070056
26 0.690883 0.785269 0.014849 0.069037
38 0.657471 0.785269 0.015422 0.069037
25 0.624349 0.784255 0.014281 0.067009
50 0.591227 0.786792 0.015422 0.072083
11 0.557818 0.786792 0.015990 0.072083
49 0.525266 0.787301 0.015990 0.073102
33 0.491000 0.785778 0.015990 0.068019
32 0.457878 0.785269 0.017130 0.064981
44 0.424755 0.786792 0.015990 0.072083
3 0.390776 0.787810 0.016552 0.072083
