10 0.591510 0.785778 0.015990 0.070056
23 0.557531 0.785269 0.015417 0.069037
38 0.691453 0.784764 0.015990 0.068028
50 0.658328 0.785269 0.017135 0.069037
36 0.624633 0.785273 0.014849 0.067009
21 0.524409 0.786796 0.015422 0.070056
7 0.491000 0.787806 0.015990 0.076148
5 0.457875 0.785778 0.015990 0.070056
18 0.424755 0.784759 0.015990 0.070056
43 0.391060 0.785778 0.013703 0.070056
30 0.357938 0.785778 0.015990 0.068019
17 0.324242 0.785269 0.014849 0.069037
16 0.290833 0.788824 0.014281 0.076148
