16 0.391060 0.786282 0.013703 0.067009
26 0.690870 0.786287 0.016010 0.069037
38 0.658042 0.785269 0.016562 0.069037
12 0.624633 0.785778 0.014849 0.070056
23 0.590656 0.785269 0.016562 0.069037
35 0.557531 0.785778 0.015417 0.068019
22 0.524409 0.785269 0.015422 0.069037
46 0.491284 0.786287 0.015422 0.071074
19 0.457305 0.785778 0.012568 0.068019
43 0.424469 0.785778 0.015417 0.070056
41 0.357648 0.788319 0.014276 0.073102
40 0.324242 0.786287 0.014849 0.069037
1 0.291404 0.786792 0.015422 0.072083
