0 0.691737 0.786287 0.017703 0.071074
13 0.658615 0.785778 0.016562 0.070056
38 0.624635 0.784764 0.015990 0.068028
50 0.591510 0.786287 0.015990 0.071074
49 0.558674 0.787301 0.014276 0.073102
5 0.525266 0.787810 0.017135 0.072083
43 0.491854 0.787301 0.016562 0.073102
17 0.458732 0.785778 0.015422 0.070056
42 0.425896 0.787301 0.017135 0.075139
2 0.391060 0.786792 0.017130 0.072083
27 0.358792 0.785778 0.018844 0.068019
1 0.324813 0.787806 0.015990 0.070056
14 0.292260 0.787301 0.015990 0.069046
