39 0.692307 0.786792 0.016563 0.074120
26 0.658898 0.787301 0.018276 0.071065
25 0.624635 0.784764 0.015990 0.068028
37 0.592083 0.786282 0.015990 0.067009
24 0.557818 0.786287 0.013708 0.069037
48 0.524693 0.788315 0.015990 0.071074
22 0.491857 0.785778 0.017703 0.070056
21 0.458161 0.785778 0.015417 0.068019
45 0.424755 0.786287 0.015990 0.071074
32 0.392201 0.785778 0.017130 0.063963
6 0.358221 0.787315 0.015422 0.069074
29 0.325099 0.785269 0.015417 0.069037
16 0.291404 0.786287 0.014276 0.071074
