40 0.291974 0.786792 0.016562 0.072083
39 0.692021 0.786792 0.015990 0.072083
25 0.657758 0.784759 0.015995 0.070056
11 0.624633 0.787301 0.014849 0.069046
10 0.591797 0.785269 0.015417 0.069037
9 0.558104 0.787301 0.016562 0.071065
8 0.524979 0.786796 0.014281 0.070056
33 0.491294 0.787301 0.016547 0.071065
5 0.458448 0.786287 0.018271 0.071074
18 0.424753 0.786282 0.014849 0.073102
30 0.391630 0.784764 0.014844 0.068028
42 0.358505 0.786282 0.015990 0.073102
2 0.324240 0.787301 0.015990 0.073102
