28 0.105516 0.796440 0.015990 0.071065
3 0.138630 0.798977 0.014865 0.076139
42 0.172333 0.796944 0.015990 0.068019
17 0.205456 0.796435 0.013703 0.069037
4 0.238859 0.795931 0.015427 0.070046
43 0.305682 0.797454 0.015417 0.069037
30 0.272273 0.794917 0.014849 0.070056
51 0.505281 0.797958 0.014854 0.072083
48 0.472437 0.798977 0.016563 0.068028
47 0.439029 0.797454 0.014849 0.071074
21 0.405049 0.797454 0.015422 0.069037
46 0.372784 0.797963 0.015995 0.074111
31 0.339089 0.796440 0.015990 0.067009
