48 0.576549 0.790324 0.023297 0.103556
47 0.526865 0.791546 0.022615 0.108426
8 0.477523 0.790324 0.021245 0.103556
46 0.428182 0.790935 0.022615 0.104778
44 0.377810 0.792157 0.023297 0.104778
43 0.327440 0.789718 0.022620 0.107213
42 0.278440 0.792764 0.021932 0.108435
29 0.228417 0.793375 0.023292 0.107213
41 0.178042 0.790329 0.022615 0.105991
11 0.627604 0.789718 0.023990 0.104769
39 0.776318 0.790324 0.022615 0.108426
51 0.726286 0.789106 0.022615 0.101120
25 0.675919 0.788500 0.020557 0.099907
