43 0.271872 0.797046 0.014276 0.069037
47 0.472323 0.799079 0.016562 0.073102
8 0.438917 0.799588 0.017135 0.072083
21 0.404651 0.797556 0.015990 0.070056
33 0.371812 0.798060 0.015417 0.067009
45 0.338406 0.800093 0.015990 0.071074
19 0.304997 0.799074 0.014276 0.069037
17 0.238750 0.796542 0.016563 0.068028
3 0.204771 0.799079 0.013708 0.073102
28 0.171932 0.797556 0.015417 0.068019
2 0.137380 0.797556 0.015990 0.070056
27 0.105688 0.797032 0.016562 0.069065
24 0.504305 0.798065 0.014276 0.069037
