51 0.470896 0.798060 0.015990 0.071065
12 0.438917 0.798065 0.015990 0.069037
25 0.404083 0.797046 0.014854 0.069037
49 0.372385 0.798060 0.016562 0.071065
36 0.338690 0.797051 0.017703 0.067009
10 0.304995 0.798060 0.015417 0.071065
9 0.272156 0.799583 0.015990 0.070056
33 0.238464 0.798065 0.015990 0.069037
44 0.205341 0.798065 0.014849 0.069037
5 0.171362 0.799079 0.015422 0.073102
17 0.138237 0.798060 0.015422 0.071065
27 0.105401 0.797556 0.015990 0.070056
39 0.505448 0.798569 0.015417 0.072083
