13 0.505732 0.797556 0.014849 0.068019
6 0.272156 0.798569 0.015990 0.070046
41 0.104828 0.797551 0.015990 0.072083
16 0.138516 0.797546 0.014844 0.068056
29 0.171643 0.796542 0.015984 0.065991
42 0.205341 0.798060 0.014849 0.071065
4 0.237893 0.799583 0.015995 0.074111
10 0.472326 0.798569 0.014276 0.072083
20 0.304995 0.797556 0.015417 0.068019
34 0.438346 0.797556 0.014849 0.068019
21 0.404938 0.798060 0.015417 0.067009
46 0.371529 0.799583 0.014849 0.074111
33 0.338406 0.797556 0.015990 0.068019
