32 0.304997 0.797051 0.014276 0.067009
39 0.504591 0.797551 0.015995 0.072083
38 0.471469 0.796542 0.015990 0.068028
23 0.438630 0.796032 0.013135 0.069046
35 0.405224 0.797556 0.015990 0.068019
46 0.371812 0.798060 0.015417 0.073102
45 0.338974 0.798569 0.015990 0.070046
5 0.272159 0.799588 0.017130 0.072083
30 0.238464 0.795019 0.017135 0.069037
17 0.205911 0.797046 0.017135 0.073093
42 0.172219 0.797551 0.015990 0.072083
27 0.137948 0.798065 0.016000 0.069037
1 0.105401 0.798060 0.017135 0.071065
