13 0.504885 0.798069 0.014292 0.069046
51 0.471182 0.798065 0.015417 0.069037
37 0.438630 0.796542 0.015417 0.065991
49 0.405224 0.797046 0.015990 0.071074
23 0.372099 0.797046 0.017135 0.071074
47 0.337833 0.798065 0.014844 0.069037
34 0.305281 0.797556 0.018271 0.068019
8 0.272159 0.798060 0.020557 0.071065
33 0.238464 0.795523 0.017135 0.068028
20 0.204768 0.798065 0.014849 0.069037
41 0.171932 0.797556 0.015417 0.070056
2 0.138523 0.797551 0.014849 0.072083
14 0.104831 0.798569 0.014849 0.068028
