26 0.505161 0.797046 0.015990 0.071074
37 0.471753 0.795523 0.015422 0.068028
11 0.438630 0.798065 0.015417 0.069037
10 0.405221 0.796032 0.013703 0.069046
23 0.372383 0.797046 0.014276 0.069037
47 0.338690 0.797556 0.017703 0.070056
8 0.304995 0.798569 0.015417 0.070046
33 0.272156 0.798569 0.015990 0.070046
44 0.239036 0.797046 0.015990 0.071074
16 0.204768 0.797556 0.014849 0.070056
41 0.172219 0.797556 0.015990 0.070056
2 0.138523 0.797556 0.015995 0.070056
1 0.105401 0.800093 0.015990 0.073093
