26 0.510302 0.584347 0.015990 0.068028
51 0.476036 0.586889 0.015990 0.075130
38 0.443201 0.584856 0.014276 0.067009
25 0.409221 0.584856 0.014849 0.069046
48 0.377240 0.586884 0.017135 0.071065
32 0.342971 0.587898 0.014849 0.069037
6 0.309849 0.587903 0.015990 0.071065
19 0.276727 0.586884 0.015995 0.071065
44 0.243318 0.586380 0.016563 0.070056
31 0.209339 0.584347 0.015990 0.068028
5 0.175930 0.587394 0.015422 0.072083
40 0.142523 0.585861 0.015995 0.069019
27 0.109969 0.584856 0.015990 0.067009
