26 0.509729 0.584347 0.015990 0.065991
0 0.476609 0.586375 0.015990 0.072083
51 0.442630 0.586884 0.016562 0.073102
12 0.409792 0.585870 0.015990 0.073093
11 0.376383 0.586884 0.014276 0.071065
49 0.343258 0.585870 0.015422 0.071074
36 0.309003 0.584028 0.015703 0.066833
47 0.276878 0.585889 0.017130 0.069370
18 0.209302 0.585042 0.015229 0.067676
7 0.242615 0.587583 0.015229 0.072759
29 0.176701 0.584620 0.015703 0.070222
28 0.142911 0.584620 0.015708 0.066833
27 0.110073 0.585042 0.015708 0.065991
