26 0.510130 0.585162 0.015990 0.068028
37 0.476721 0.585162 0.015422 0.068028
36 0.443599 0.585157 0.016563 0.070056
23 0.409904 0.585667 0.014276 0.069037
9 0.376495 0.587190 0.015990 0.068028
8 0.343375 0.587190 0.015990 0.072083
21 0.309393 0.585667 0.015422 0.069037
43 0.276271 0.586176 0.015417 0.070056
4 0.242849 0.585667 0.016010 0.069037
17 0.209169 0.586176 0.014849 0.068019
42 0.175484 0.587699 0.015969 0.073102
2 0.142349 0.585667 0.015990 0.071074
1 0.109227 0.587190 0.015995 0.072083
