26 0.509844 0.584653 0.016562 0.069046
25 0.475008 0.585667 0.014276 0.069037
24 0.442456 0.586176 0.014276 0.068019
49 0.409620 0.586176 0.017135 0.070056
21 0.375354 0.585667 0.015990 0.069037
46 0.342802 0.585667 0.014844 0.069037
33 0.309109 0.585162 0.015990 0.068028
18 0.275701 0.585667 0.014276 0.069037
17 0.243146 0.585667 0.015417 0.069037
29 0.208596 0.583130 0.014849 0.068019
41 0.175187 0.585667 0.017708 0.069037
15 0.142349 0.585162 0.015990 0.068028
1 0.109227 0.587190 0.015995 0.072083
