39 0.776521 0.788134 0.025354 0.102343
13 0.726151 0.788741 0.021927 0.103556
12 0.676810 0.786917 0.023297 0.104778
35 0.627810 0.788745 0.023984 0.101120
47 0.577096 0.788741 0.023984 0.103556
33 0.527411 0.786917 0.023302 0.102333
20 0.478414 0.788745 0.023984 0.101120
30 0.428049 0.787505 0.023286 0.103509
42 0.378701 0.788741 0.021932 0.103556
3 0.329359 0.788134 0.023302 0.104769
41 0.278305 0.789352 0.023984 0.102333
40 0.228286 0.787528 0.023969 0.098685
1 0.179279 0.789958 0.024672 0.101120
