39 0.509456 0.585380 0.016182 0.069370
49 0.476380 0.584954 0.015708 0.070222
22 0.442591 0.584954 0.014755 0.065148
34 0.409268 0.584111 0.015724 0.065148
20 0.375964 0.584111 0.014750 0.068537
45 0.343125 0.586222 0.016656 0.067685
19 0.308859 0.584954 0.015708 0.065148
44 0.276260 0.584954 0.016177 0.070222
43 0.242469 0.584532 0.015229 0.069380
42 0.209872 0.585380 0.014755 0.069370
29 0.175607 0.584111 0.015703 0.068537
2 0.141815 0.585806 0.015703 0.070222
27 0.109219 0.585380 0.015229 0.066000
