13 0.509375 0.585801 0.013198 0.067898
51 0.476130 0.584977 0.014990 0.070991
50 0.442852 0.586519 0.015568 0.074074
49 0.409318 0.586009 0.014469 0.068926
48 0.376302 0.586523 0.016729 0.069954
35 0.342997 0.586009 0.015047 0.068926
22 0.309464 0.586009 0.016260 0.066870
17 0.275896 0.585495 0.014990 0.069954
28 0.242940 0.586009 0.015047 0.068926
15 0.209635 0.584468 0.014521 0.067898
40 0.176648 0.587037 0.016839 0.068926
1 0.142797 0.586009 0.016260 0.068926
14 0.109229 0.585495 0.014990 0.069954
