13 0.509260 0.583847 0.014469 0.068935
12 0.475982 0.584361 0.015047 0.069963
37 0.442997 0.586421 0.015047 0.069954
49 0.409607 0.584468 0.016203 0.070991
10 0.376388 0.584569 0.013891 0.067898
22 0.342833 0.585903 0.015427 0.068583
7 0.309560 0.585472 0.015432 0.069444
32 0.276620 0.584792 0.015917 0.067731
44 0.242362 0.584565 0.015276 0.070370
43 0.209721 0.584468 0.016203 0.070991
16 0.176159 0.586009 0.015047 0.067907
41 0.142880 0.586523 0.015625 0.070991
2 0.109607 0.586523 0.015047 0.070991
