39 0.681367 0.793829 0.016203 0.069954
0 0.647799 0.793824 0.016203 0.072019
25 0.614237 0.792796 0.013891 0.072019
37 0.581542 0.794343 0.015625 0.068926
24 0.547685 0.793315 0.015047 0.068926
9 0.514701 0.795370 0.015047 0.073037
34 0.480555 0.795681 0.015276 0.072843
32 0.447568 0.792593 0.014583 0.064204
6 0.413888 0.793829 0.015276 0.069139
44 0.380555 0.793829 0.013891 0.071602
31 0.347570 0.792593 0.015974 0.066667
42 0.313888 0.793208 0.015276 0.065435
40 0.280901 0.795060 0.014583 0.069139
