41 0.314237 0.794444 0.017359 0.075315
1 0.280557 0.795060 0.016667 0.071602
39 0.680901 0.793829 0.014583 0.069139
0 0.647570 0.793213 0.015974 0.070370
11 0.614237 0.795060 0.015974 0.071602
36 0.580904 0.793208 0.013193 0.065435
8 0.547221 0.793829 0.015276 0.069139
21 0.514234 0.795681 0.014583 0.072843
6 0.480901 0.794444 0.014583 0.072833
19 0.447221 0.795060 0.013891 0.069139
5 0.413888 0.795060 0.015276 0.071602
29 0.380904 0.792593 0.015974 0.069130
3 0.347570 0.794444 0.015974 0.072833
