39 0.680901 0.792593 0.014583 0.069130
46 0.647570 0.794444 0.015974 0.072833
44 0.614583 0.795681 0.015281 0.072843
42 0.581596 0.793829 0.015974 0.069139
38 0.547568 0.793208 0.014583 0.067898
29 0.515276 0.791977 0.016667 0.067898
10 0.480208 0.793829 0.014583 0.071602
8 0.447917 0.795060 0.016667 0.071602
7 0.414237 0.794444 0.015974 0.070370
5 0.380555 0.794444 0.015276 0.072833
4 0.347464 0.793037 0.014948 0.068593
1 0.313945 0.794755 0.015432 0.068583
19 0.280430 0.793468 0.014953 0.066009
