26 0.680846 0.792009 0.015432 0.066870
12 0.647328 0.793296 0.014948 0.069444
50 0.613810 0.793292 0.015432 0.067731
23 0.580776 0.792866 0.014948 0.068583
35 0.547742 0.791579 0.015432 0.066009
22 0.514708 0.793722 0.016875 0.066870
7 0.480708 0.793722 0.016396 0.068593
6 0.447674 0.793296 0.015911 0.066019
19 0.413919 0.792009 0.013984 0.066870
5 0.380401 0.793292 0.014469 0.067731
43 0.347367 0.793296 0.015911 0.069444
3 0.313609 0.792866 0.014948 0.072009
40 0.280576 0.793722 0.015432 0.070296
