7 0.347224 0.793949 0.016667 0.071602
22 0.514237 0.794569 0.015974 0.067898
8 0.481250 0.794569 0.016667 0.067898
21 0.447221 0.794569 0.015276 0.067898
46 0.414237 0.792718 0.015974 0.069139
33 0.381250 0.792713 0.015281 0.066667
26 0.680557 0.794565 0.016667 0.070370
25 0.647221 0.792718 0.015276 0.069139
24 0.613888 0.794569 0.015276 0.067898
48 0.581250 0.794565 0.016667 0.070370
35 0.547917 0.793333 0.016667 0.065426
5 0.314583 0.793333 0.016667 0.070370
2 0.281250 0.792718 0.016667 0.071602
