13 0.681250 0.793949 0.013885 0.069139
12 0.647917 0.795185 0.015281 0.071611
49 0.613888 0.793949 0.015276 0.069139
48 0.580555 0.795806 0.015276 0.070370
22 0.547568 0.794569 0.014583 0.067898
47 0.514583 0.793949 0.015281 0.071602
33 0.480904 0.792713 0.015974 0.066667
5 0.447221 0.795185 0.015276 0.069130
18 0.414234 0.793333 0.014583 0.070370
30 0.380904 0.793949 0.015974 0.071602
41 0.347917 0.792102 0.016667 0.070370
15 0.314583 0.793333 0.015281 0.067907
14 0.280555 0.793333 0.015276 0.067907
