38 0.680958 0.790741 0.015625 0.066870
24 0.647396 0.793310 0.013312 0.065843
49 0.614411 0.793829 0.015625 0.070991
48 0.580844 0.794343 0.014469 0.067907
7 0.547570 0.794856 0.016203 0.070991
20 0.514003 0.794343 0.016203 0.069963
45 0.481018 0.796398 0.016203 0.072019
32 0.448034 0.794343 0.015047 0.067907
44 0.414466 0.794343 0.017359 0.072019
31 0.380615 0.792796 0.016781 0.064815
17 0.347917 0.794343 0.016208 0.069963
29 0.314641 0.792796 0.016781 0.066870
2 0.281078 0.794343 0.016781 0.069963
