51 0.775562 0.789597 0.023302 0.107213
48 0.726906 0.791426 0.023302 0.098685
35 0.677221 0.789597 0.023984 0.099898
47 0.627193 0.790204 0.023990 0.103556
34 0.577167 0.786551 0.022615 0.096250
20 0.527138 0.788380 0.021245 0.099907
4 0.477797 0.788986 0.023990 0.101120
42 0.428112 0.790204 0.021932 0.103556
28 0.378086 0.785940 0.024672 0.097472
2 0.328057 0.788986 0.023302 0.103565
15 0.277685 0.788375 0.021245 0.102343
27 0.228687 0.787157 0.021927 0.097463
14 0.178661 0.790208 0.023302 0.101120
