26 0.681250 0.792796 0.016208 0.066870
13 0.647685 0.792801 0.015047 0.070991
12 0.614122 0.793315 0.016203 0.069963
25 0.580555 0.792796 0.015047 0.066870
10 0.547281 0.794343 0.015625 0.067907
35 0.514583 0.793310 0.016208 0.065843
46 0.481307 0.795884 0.016781 0.073046
20 0.447164 0.792796 0.014464 0.066870
19 0.414177 0.794343 0.015625 0.067907
44 0.380615 0.795884 0.014469 0.070991
17 0.347047 0.793824 0.014469 0.066870
3 0.314063 0.794343 0.015625 0.069963
1 0.280789 0.794338 0.015047 0.065843
