12 0.775904 0.787769 0.023984 0.103556
25 0.725190 0.787769 0.021245 0.101130
23 0.677904 0.789597 0.021245 0.102343
48 0.628563 0.790815 0.026729 0.104778
9 0.577508 0.792032 0.023297 0.102343
47 0.528508 0.788986 0.023984 0.103565
34 0.477453 0.787157 0.021927 0.097463
19 0.427768 0.789597 0.021245 0.099898
44 0.378083 0.789597 0.023302 0.102343
43 0.328398 0.789597 0.023984 0.102343
42 0.278714 0.789597 0.023302 0.102343
29 0.228687 0.786556 0.021927 0.098667
27 0.179003 0.788380 0.022620 0.097463
