34 0.427768 0.786546 0.023984 0.098685
46 0.378427 0.789593 0.023990 0.104778
31 0.328052 0.787162 0.021938 0.102343
42 0.278370 0.789593 0.022615 0.104778
16 0.228687 0.787769 0.021927 0.101130
2 0.178318 0.788986 0.023990 0.105991
51 0.776247 0.789593 0.021932 0.104778
38 0.726221 0.785940 0.021932 0.099898
50 0.676534 0.789597 0.023984 0.102343
11 0.627878 0.788986 0.023984 0.103565
36 0.577852 0.785333 0.023984 0.098685
10 0.526797 0.787157 0.023302 0.099907
47 0.478141 0.787769 0.023302 0.103556
