51 0.775974 0.788866 0.023302 0.102343
40 0.178042 0.788866 0.022615 0.104769
29 0.229440 0.785819 0.025359 0.101120
12 0.725945 0.788866 0.021932 0.099898
50 0.677633 0.788866 0.023984 0.099898
37 0.627604 0.788866 0.023990 0.102343
49 0.578260 0.789477 0.022615 0.101120
36 0.527893 0.786431 0.021932 0.099898
35 0.477521 0.788259 0.022615 0.103556
47 0.427495 0.790083 0.023990 0.102333
32 0.378151 0.790083 0.022615 0.097463
18 0.328469 0.789477 0.021927 0.101120
30 0.279125 0.787648 0.026042 0.099907
